(kicad_pcb (version 20171130) (host pcbnew "(5.1.6)-1")

  (general
    (thickness 1.6)
    (drawings 0)
    (tracks 279)
    (zones 0)
    (modules 30)
    (nets 37)
  )

  (page A4)
  (layers
    (0 F.Cu signal)
    (31 B.Cu signal)
    (32 B.Adhes user)
    (33 F.Adhes user)
    (34 B.Paste user)
    (35 F.Paste user)
    (36 B.SilkS user)
    (37 F.SilkS user)
    (38 B.Mask user)
    (39 F.Mask user)
    (40 Dwgs.User user)
    (41 Cmts.User user)
    (42 Eco1.User user)
    (43 Eco2.User user)
    (44 Edge.Cuts user)
    (45 Margin user)
    (46 B.CrtYd user)
    (47 F.CrtYd user)
    (48 B.Fab user)
    (49 F.Fab user)
  )

  (setup
    (last_trace_width 1)
    (user_trace_width 0.5)
    (user_trace_width 1)
    (user_trace_width 2)
    (user_trace_width 5)
    (user_trace_width 8)
    (user_trace_width 10)
    (trace_clearance 0.2)
    (zone_clearance 0.508)
    (zone_45_only no)
    (trace_min 0.2)
    (via_size 0.8)
    (via_drill 0.4)
    (via_min_size 0.4)
    (via_min_drill 0.3)
    (uvia_size 0.3)
    (uvia_drill 0.1)
    (uvias_allowed no)
    (uvia_min_size 0.2)
    (uvia_min_drill 0.1)
    (edge_width 0.05)
    (segment_width 0.2)
    (pcb_text_width 0.3)
    (pcb_text_size 1.5 1.5)
    (mod_edge_width 0.12)
    (mod_text_size 1 1)
    (mod_text_width 0.15)
    (pad_size 1.524 1.524)
    (pad_drill 0.762)
    (pad_to_mask_clearance 0.05)
    (aux_axis_origin 0 0)
    (visible_elements 7FFFFFFF)
    (pcbplotparams
      (layerselection 0x010fc_ffffffff)
      (usegerberextensions false)
      (usegerberattributes true)
      (usegerberadvancedattributes true)
      (creategerberjobfile true)
      (excludeedgelayer true)
      (linewidth 0.100000)
      (plotframeref false)
      (viasonmask false)
      (mode 1)
      (useauxorigin false)
      (hpglpennumber 1)
      (hpglpenspeed 20)
      (hpglpendiameter 15.000000)
      (psnegative false)
      (psa4output false)
      (plotreference true)
      (plotvalue true)
      (plotinvisibletext false)
      (padsonsilk false)
      (subtractmaskfromsilk false)
      (outputformat 1)
      (mirror false)
      (drillshape 1)
      (scaleselection 1)
      (outputdirectory ""))
  )

  (net 0 "")
  (net 1 GND)
  (net 2 /5V)
  (net 3 /V_SENSE_PV)
  (net 4 /V_SENSE_BATT)
  (net 5 /V_SENSE_LOAD)
  (net 6 /I_SENSE_LOAD)
  (net 7 /I_SENSE_BATT)
  (net 8 /I_SENSE_PV)
  (net 9 "Net-(R7-Pad2)")
  (net 10 "Net-(R8-Pad2)")
  (net 11 "Net-(R9-Pad2)")
  (net 12 /DEV_LOAD_POS)
  (net 13 /DEV_BATT_POS)
  (net 14 /DEV_PV_POS)
  (net 15 /CHG_LOAD_POS)
  (net 16 /CHG_BATT_POS)
  (net 17 /CHG_PV_POS)
  (net 18 "Net-(B1-Pad1)")
  (net 19 "Net-(B1-Pad2)")
  (net 20 "Net-(B1-Pad3)")
  (net 21 "Net-(B1-Pad5)")
  (net 22 "Net-(B1-Pad6)")
  (net 23 "Net-(B1-Pad7)")
  (net 24 "Net-(B1-Pad8)")
  (net 25 "Net-(B1-Pad9)")
  (net 26 "Net-(B1-Pad10)")
  (net 27 "Net-(B1-Pad11)")
  (net 28 "Net-(B1-Pad12)")
  (net 29 "Net-(B1-Pad13)")
  (net 30 "Net-(B1-Pad14)")
  (net 31 "Net-(B1-Pad15)")
  (net 32 "Net-(B1-Pad16)")
  (net 33 "Net-(B1-Pad17)")
  (net 34 "Net-(B1-Pad21)")
  (net 35 "Net-(B1-Pad22)")
  (net 36 "Net-(B1-PadA7)")

  (net_class Default "This is the default net class."
    (clearance 0.2)
    (trace_width 0.25)
    (via_dia 0.8)
    (via_drill 0.4)
    (uvia_dia 0.3)
    (uvia_drill 0.1)
    (add_net /5V)
    (add_net /CHG_BATT_POS)
    (add_net /CHG_LOAD_POS)
    (add_net /CHG_PV_POS)
    (add_net /DEV_BATT_POS)
    (add_net /DEV_LOAD_POS)
    (add_net /DEV_PV_POS)
    (add_net /I_SENSE_BATT)
    (add_net /I_SENSE_LOAD)
    (add_net /I_SENSE_PV)
    (add_net /V_SENSE_BATT)
    (add_net /V_SENSE_LOAD)
    (add_net /V_SENSE_PV)
    (add_net GND)
    (add_net "Net-(B1-Pad1)")
    (add_net "Net-(B1-Pad10)")
    (add_net "Net-(B1-Pad11)")
    (add_net "Net-(B1-Pad12)")
    (add_net "Net-(B1-Pad13)")
    (add_net "Net-(B1-Pad14)")
    (add_net "Net-(B1-Pad15)")
    (add_net "Net-(B1-Pad16)")
    (add_net "Net-(B1-Pad17)")
    (add_net "Net-(B1-Pad2)")
    (add_net "Net-(B1-Pad21)")
    (add_net "Net-(B1-Pad22)")
    (add_net "Net-(B1-Pad3)")
    (add_net "Net-(B1-Pad5)")
    (add_net "Net-(B1-Pad6)")
    (add_net "Net-(B1-Pad7)")
    (add_net "Net-(B1-Pad8)")
    (add_net "Net-(B1-Pad9)")
    (add_net "Net-(B1-PadA7)")
    (add_net "Net-(R7-Pad2)")
    (add_net "Net-(R8-Pad2)")
    (add_net "Net-(R9-Pad2)")
  )

  (module Connector_Molex:Molex_Mini-Fit_Sr_42819-62XX_1x06_P10.00mm_Vertical_ThermalVias (layer F.Cu) (tedit 5B782361) (tstamp 5FE93466)
    (at 200.6 124 180)
    (descr "Molex Mini-Fit Sr. Power Connectors, 42819-62XX, With thermal vias in pads, 6 Pins per row (http://www.molex.com/pdm_docs/sd/428192214_sd.pdf), generated with kicad-footprint-generator")
    (tags "connector Molex Mini-Fit_Sr side entry")
    (path /5FE89794)
    (fp_text reference J2 (at 3.26 -8.93) (layer F.SilkS)
      (effects (font (size 1 1) (thickness 0.15)))
    )
    (fp_text value Devices (at 3.26 58.93) (layer F.Fab)
      (effects (font (size 1 1) (thickness 0.15)))
    )
    (fp_line (start -2.51 -2.66) (end -2.51 2.66) (layer B.SilkS) (width 0.12))
    (fp_line (start -2.51 2.66) (end 6.91 2.66) (layer B.SilkS) (width 0.12))
    (fp_line (start 6.91 2.66) (end 6.91 -2.66) (layer B.SilkS) (width 0.12))
    (fp_line (start 6.91 -2.66) (end -2.51 -2.66) (layer B.SilkS) (width 0.12))
    (fp_line (start -1.34 -6.91) (end -1.34 56.91) (layer F.Fab) (width 0.1))
    (fp_line (start -1.34 56.91) (end 7.86 56.91) (layer F.Fab) (width 0.1))
    (fp_line (start 7.86 56.91) (end 7.86 -6.91) (layer F.Fab) (width 0.1))
    (fp_line (start 7.86 -6.91) (end -1.34 -6.91) (layer F.Fab) (width 0.1))
    (fp_line (start -1.34 -5.45) (end 7.86 -5.45) (layer F.Fab) (width 0.1))
    (fp_line (start -1.34 55.45) (end 7.86 55.45) (layer F.Fab) (width 0.1))
    (fp_line (start -1.45 -2.66) (end -1.45 -7.02) (layer F.SilkS) (width 0.12))
    (fp_line (start -1.45 -7.02) (end 2.05 -7.02) (layer F.SilkS) (width 0.12))
    (fp_line (start -1.45 52.66) (end -1.45 57.02) (layer F.SilkS) (width 0.12))
    (fp_line (start -1.45 57.02) (end 2.05 57.02) (layer F.SilkS) (width 0.12))
    (fp_line (start 6.05 -7.02) (end 7.97 -7.02) (layer F.SilkS) (width 0.12))
    (fp_line (start 7.97 -7.02) (end 7.97 25) (layer F.SilkS) (width 0.12))
    (fp_line (start 6.05 57.02) (end 7.97 57.02) (layer F.SilkS) (width 0.12))
    (fp_line (start 7.97 57.02) (end 7.97 25) (layer F.SilkS) (width 0.12))
    (fp_line (start -1.45 2.66) (end -1.45 7.34) (layer F.SilkS) (width 0.12))
    (fp_line (start -1.45 12.66) (end -1.45 17.34) (layer F.SilkS) (width 0.12))
    (fp_line (start -1.45 22.66) (end -1.45 27.34) (layer F.SilkS) (width 0.12))
    (fp_line (start -1.45 32.66) (end -1.45 37.34) (layer F.SilkS) (width 0.12))
    (fp_line (start -1.45 42.66) (end -1.45 47.34) (layer F.SilkS) (width 0.12))
    (fp_line (start 7.86 -0.8) (end 9.46 -0.8) (layer F.Fab) (width 0.1))
    (fp_line (start 9.46 -0.8) (end 9.46 0.8) (layer F.Fab) (width 0.1))
    (fp_line (start 9.46 0.8) (end 7.86 0.8) (layer F.Fab) (width 0.1))
    (fp_line (start 7.97 -0.91) (end 9.57 -0.91) (layer F.SilkS) (width 0.12))
    (fp_line (start 9.57 -0.91) (end 9.57 0.91) (layer F.SilkS) (width 0.12))
    (fp_line (start 9.57 0.91) (end 7.97 0.91) (layer F.SilkS) (width 0.12))
    (fp_line (start 7.86 9.2) (end 9.46 9.2) (layer F.Fab) (width 0.1))
    (fp_line (start 9.46 9.2) (end 9.46 10.8) (layer F.Fab) (width 0.1))
    (fp_line (start 9.46 10.8) (end 7.86 10.8) (layer F.Fab) (width 0.1))
    (fp_line (start 7.97 9.09) (end 9.57 9.09) (layer F.SilkS) (width 0.12))
    (fp_line (start 9.57 9.09) (end 9.57 10.91) (layer F.SilkS) (width 0.12))
    (fp_line (start 9.57 10.91) (end 7.97 10.91) (layer F.SilkS) (width 0.12))
    (fp_line (start 7.86 19.2) (end 9.46 19.2) (layer F.Fab) (width 0.1))
    (fp_line (start 9.46 19.2) (end 9.46 20.8) (layer F.Fab) (width 0.1))
    (fp_line (start 9.46 20.8) (end 7.86 20.8) (layer F.Fab) (width 0.1))
    (fp_line (start 7.97 19.09) (end 9.57 19.09) (layer F.SilkS) (width 0.12))
    (fp_line (start 9.57 19.09) (end 9.57 20.91) (layer F.SilkS) (width 0.12))
    (fp_line (start 9.57 20.91) (end 7.97 20.91) (layer F.SilkS) (width 0.12))
    (fp_line (start 7.86 29.2) (end 9.46 29.2) (layer F.Fab) (width 0.1))
    (fp_line (start 9.46 29.2) (end 9.46 30.8) (layer F.Fab) (width 0.1))
    (fp_line (start 9.46 30.8) (end 7.86 30.8) (layer F.Fab) (width 0.1))
    (fp_line (start 7.97 29.09) (end 9.57 29.09) (layer F.SilkS) (width 0.12))
    (fp_line (start 9.57 29.09) (end 9.57 30.91) (layer F.SilkS) (width 0.12))
    (fp_line (start 9.57 30.91) (end 7.97 30.91) (layer F.SilkS) (width 0.12))
    (fp_line (start 7.86 39.2) (end 9.46 39.2) (layer F.Fab) (width 0.1))
    (fp_line (start 9.46 39.2) (end 9.46 40.8) (layer F.Fab) (width 0.1))
    (fp_line (start 9.46 40.8) (end 7.86 40.8) (layer F.Fab) (width 0.1))
    (fp_line (start 7.97 39.09) (end 9.57 39.09) (layer F.SilkS) (width 0.12))
    (fp_line (start 9.57 39.09) (end 9.57 40.91) (layer F.SilkS) (width 0.12))
    (fp_line (start 9.57 40.91) (end 7.97 40.91) (layer F.SilkS) (width 0.12))
    (fp_line (start 7.86 49.2) (end 9.46 49.2) (layer F.Fab) (width 0.1))
    (fp_line (start 9.46 49.2) (end 9.46 50.8) (layer F.Fab) (width 0.1))
    (fp_line (start 9.46 50.8) (end 7.86 50.8) (layer F.Fab) (width 0.1))
    (fp_line (start 7.97 49.09) (end 9.57 49.09) (layer F.SilkS) (width 0.12))
    (fp_line (start 9.57 49.09) (end 9.57 50.91) (layer F.SilkS) (width 0.12))
    (fp_line (start 9.57 50.91) (end 7.97 50.91) (layer F.SilkS) (width 0.12))
    (fp_line (start -1.34 20) (end -1.34 30) (layer F.Fab) (width 0.1))
    (fp_line (start -1.34 30) (end -3.14 30) (layer F.Fab) (width 0.1))
    (fp_line (start -3.14 30) (end -3.14 20) (layer F.Fab) (width 0.1))
    (fp_line (start -3.14 20) (end -1.34 20) (layer F.Fab) (width 0.1))
    (fp_line (start -3.14 23.2) (end -3.14 26.8) (layer F.Fab) (width 0.1))
    (fp_line (start -3.14 26.8) (end -4.64 26.8) (layer F.Fab) (width 0.1))
    (fp_line (start -4.64 26.8) (end -4.64 23.2) (layer F.Fab) (width 0.1))
    (fp_line (start -4.64 23.2) (end -3.14 23.2) (layer F.Fab) (width 0.1))
    (fp_line (start -3.25 23.09) (end -4.75 23.09) (layer F.SilkS) (width 0.12))
    (fp_line (start -4.75 23.09) (end -4.75 26.91) (layer F.SilkS) (width 0.12))
    (fp_line (start -4.75 26.91) (end -3.25 26.91) (layer F.SilkS) (width 0.12))
    (fp_line (start -1.34 -1.2) (end 0.357056 0) (layer F.Fab) (width 0.1))
    (fp_line (start 0.357056 0) (end -1.34 1.2) (layer F.Fab) (width 0.1))
    (fp_line (start 7.86 -1.2) (end 6.162944 0) (layer F.Fab) (width 0.1))
    (fp_line (start 6.162944 0) (end 7.86 1.2) (layer F.Fab) (width 0.1))
    (fp_line (start -2.51 0) (end -3.31 -0.4) (layer F.SilkS) (width 0.12))
    (fp_line (start -3.31 -0.4) (end -3.31 0.4) (layer F.SilkS) (width 0.12))
    (fp_line (start -3.31 0.4) (end -2.51 0) (layer F.SilkS) (width 0.12))
    (fp_line (start -5.14 -8.23) (end -5.14 58.23) (layer F.CrtYd) (width 0.05))
    (fp_line (start -5.14 58.23) (end 8.36 58.23) (layer F.CrtYd) (width 0.05))
    (fp_line (start 8.36 58.23) (end 8.36 -8.23) (layer F.CrtYd) (width 0.05))
    (fp_line (start 8.36 -8.23) (end -5.14 -8.23) (layer F.CrtYd) (width 0.05))
    (fp_text user %R (at 3.26 54.75) (layer F.Fab)
      (effects (font (size 1 1) (thickness 0.15)))
    )
    (pad 1 thru_hole rect (at 0 0 180) (size 4.5 4.8) (drill 2.8) (layers *.Cu *.Mask)
      (net 1 GND))
    (pad 2 thru_hole rect (at 0 10 180) (size 4.5 4.8) (drill 2.8) (layers *.Cu *.Mask)
      (net 12 /DEV_LOAD_POS))
    (pad 3 thru_hole rect (at 0 20 180) (size 4.5 4.8) (drill 2.8) (layers *.Cu *.Mask)
      (net 1 GND))
    (pad 4 thru_hole rect (at 0 30 180) (size 4.5 4.8) (drill 2.8) (layers *.Cu *.Mask)
      (net 13 /DEV_BATT_POS))
    (pad 5 thru_hole rect (at 0 40 180) (size 4.5 4.8) (drill 2.8) (layers *.Cu *.Mask)
      (net 1 GND))
    (pad 6 thru_hole rect (at 0 50 180) (size 4.5 4.8) (drill 2.8) (layers *.Cu *.Mask)
      (net 14 /DEV_PV_POS))
    (pad 1 thru_hole rect (at 4.4 0 180) (size 4.5 4.8) (drill 2.8) (layers *.Cu *.Mask)
      (net 1 GND))
    (pad 2 thru_hole rect (at 4.4 10 180) (size 4.5 4.8) (drill 2.8) (layers *.Cu *.Mask)
      (net 12 /DEV_LOAD_POS))
    (pad 3 thru_hole rect (at 4.4 20 180) (size 4.5 4.8) (drill 2.8) (layers *.Cu *.Mask)
      (net 1 GND))
    (pad 4 thru_hole rect (at 4.4 30 180) (size 4.5 4.8) (drill 2.8) (layers *.Cu *.Mask)
      (net 13 /DEV_BATT_POS))
    (pad 5 thru_hole rect (at 4.4 40 180) (size 4.5 4.8) (drill 2.8) (layers *.Cu *.Mask)
      (net 1 GND))
    (pad 6 thru_hole rect (at 4.4 50 180) (size 4.5 4.8) (drill 2.8) (layers *.Cu *.Mask)
      (net 14 /DEV_PV_POS))
    (pad 1 thru_hole roundrect (at -1.8 0 180) (size 0.6 0.6) (drill 0.3) (layers *.Cu *.Mask) (roundrect_rratio 0.25)
      (net 1 GND))
    (pad 1 thru_hole roundrect (at 2.2 0 180) (size 0.6 0.6) (drill 0.3) (layers *.Cu *.Mask) (roundrect_rratio 0.25)
      (net 1 GND))
    (pad 1 thru_hole roundrect (at 6.2 0 180) (size 0.6 0.6) (drill 0.3) (layers *.Cu *.Mask) (roundrect_rratio 0.25)
      (net 1 GND))
    (pad 1 thru_hole roundrect (at -1.8 -1.95 180) (size 0.6 0.6) (drill 0.3) (layers *.Cu *.Mask) (roundrect_rratio 0.25)
      (net 1 GND))
    (pad 1 thru_hole roundrect (at 0.2 -1.95 180) (size 0.6 0.6) (drill 0.3) (layers *.Cu *.Mask) (roundrect_rratio 0.25)
      (net 1 GND))
    (pad 1 thru_hole roundrect (at 2.2 -1.95 180) (size 0.6 0.6) (drill 0.3) (layers *.Cu *.Mask) (roundrect_rratio 0.25)
      (net 1 GND))
    (pad 1 thru_hole roundrect (at 4.2 -1.95 180) (size 0.6 0.6) (drill 0.3) (layers *.Cu *.Mask) (roundrect_rratio 0.25)
      (net 1 GND))
    (pad 1 thru_hole roundrect (at 6.2 -1.95 180) (size 0.6 0.6) (drill 0.3) (layers *.Cu *.Mask) (roundrect_rratio 0.25)
      (net 1 GND))
    (pad 1 thru_hole roundrect (at -1.8 1.95 180) (size 0.6 0.6) (drill 0.3) (layers *.Cu *.Mask) (roundrect_rratio 0.25)
      (net 1 GND))
    (pad 1 thru_hole roundrect (at 0.2 1.95 180) (size 0.6 0.6) (drill 0.3) (layers *.Cu *.Mask) (roundrect_rratio 0.25)
      (net 1 GND))
    (pad 1 thru_hole roundrect (at 2.2 1.95 180) (size 0.6 0.6) (drill 0.3) (layers *.Cu *.Mask) (roundrect_rratio 0.25)
      (net 1 GND))
    (pad 1 thru_hole roundrect (at 4.2 1.95 180) (size 0.6 0.6) (drill 0.3) (layers *.Cu *.Mask) (roundrect_rratio 0.25)
      (net 1 GND))
    (pad 1 thru_hole roundrect (at 6.2 1.95 180) (size 0.6 0.6) (drill 0.3) (layers *.Cu *.Mask) (roundrect_rratio 0.25)
      (net 1 GND))
    (pad 2 thru_hole circle (at -1.8 10 180) (size 0.6 0.6) (drill 0.3) (layers *.Cu *.Mask)
      (net 12 /DEV_LOAD_POS))
    (pad 2 thru_hole circle (at 2.2 10 180) (size 0.6 0.6) (drill 0.3) (layers *.Cu *.Mask)
      (net 12 /DEV_LOAD_POS))
    (pad 2 thru_hole circle (at 6.2 10 180) (size 0.6 0.6) (drill 0.3) (layers *.Cu *.Mask)
      (net 12 /DEV_LOAD_POS))
    (pad 2 thru_hole circle (at -1.8 8.05 180) (size 0.6 0.6) (drill 0.3) (layers *.Cu *.Mask)
      (net 12 /DEV_LOAD_POS))
    (pad 2 thru_hole circle (at 0.2 8.05 180) (size 0.6 0.6) (drill 0.3) (layers *.Cu *.Mask)
      (net 12 /DEV_LOAD_POS))
    (pad 2 thru_hole circle (at 2.2 8.05 180) (size 0.6 0.6) (drill 0.3) (layers *.Cu *.Mask)
      (net 12 /DEV_LOAD_POS))
    (pad 2 thru_hole circle (at 4.2 8.05 180) (size 0.6 0.6) (drill 0.3) (layers *.Cu *.Mask)
      (net 12 /DEV_LOAD_POS))
    (pad 2 thru_hole circle (at 6.2 8.05 180) (size 0.6 0.6) (drill 0.3) (layers *.Cu *.Mask)
      (net 12 /DEV_LOAD_POS))
    (pad 2 thru_hole circle (at -1.8 11.95 180) (size 0.6 0.6) (drill 0.3) (layers *.Cu *.Mask)
      (net 12 /DEV_LOAD_POS))
    (pad 2 thru_hole circle (at 0.2 11.95 180) (size 0.6 0.6) (drill 0.3) (layers *.Cu *.Mask)
      (net 12 /DEV_LOAD_POS))
    (pad 2 thru_hole circle (at 2.2 11.95 180) (size 0.6 0.6) (drill 0.3) (layers *.Cu *.Mask)
      (net 12 /DEV_LOAD_POS))
    (pad 2 thru_hole circle (at 4.2 11.95 180) (size 0.6 0.6) (drill 0.3) (layers *.Cu *.Mask)
      (net 12 /DEV_LOAD_POS))
    (pad 2 thru_hole circle (at 6.2 11.95 180) (size 0.6 0.6) (drill 0.3) (layers *.Cu *.Mask)
      (net 12 /DEV_LOAD_POS))
    (pad 3 thru_hole circle (at -1.8 20 180) (size 0.6 0.6) (drill 0.3) (layers *.Cu *.Mask)
      (net 1 GND))
    (pad 3 thru_hole circle (at 2.2 20 180) (size 0.6 0.6) (drill 0.3) (layers *.Cu *.Mask)
      (net 1 GND))
    (pad 3 thru_hole circle (at 6.2 20 180) (size 0.6 0.6) (drill 0.3) (layers *.Cu *.Mask)
      (net 1 GND))
    (pad 3 thru_hole circle (at -1.8 18.05 180) (size 0.6 0.6) (drill 0.3) (layers *.Cu *.Mask)
      (net 1 GND))
    (pad 3 thru_hole circle (at 0.2 18.05 180) (size 0.6 0.6) (drill 0.3) (layers *.Cu *.Mask)
      (net 1 GND))
    (pad 3 thru_hole circle (at 2.2 18.05 180) (size 0.6 0.6) (drill 0.3) (layers *.Cu *.Mask)
      (net 1 GND))
    (pad 3 thru_hole circle (at 4.2 18.05 180) (size 0.6 0.6) (drill 0.3) (layers *.Cu *.Mask)
      (net 1 GND))
    (pad 3 thru_hole circle (at 6.2 18.05 180) (size 0.6 0.6) (drill 0.3) (layers *.Cu *.Mask)
      (net 1 GND))
    (pad 3 thru_hole circle (at -1.8 21.95 180) (size 0.6 0.6) (drill 0.3) (layers *.Cu *.Mask)
      (net 1 GND))
    (pad 3 thru_hole circle (at 0.2 21.95 180) (size 0.6 0.6) (drill 0.3) (layers *.Cu *.Mask)
      (net 1 GND))
    (pad 3 thru_hole circle (at 2.2 21.95 180) (size 0.6 0.6) (drill 0.3) (layers *.Cu *.Mask)
      (net 1 GND))
    (pad 3 thru_hole circle (at 4.2 21.95 180) (size 0.6 0.6) (drill 0.3) (layers *.Cu *.Mask)
      (net 1 GND))
    (pad 3 thru_hole circle (at 6.2 21.95 180) (size 0.6 0.6) (drill 0.3) (layers *.Cu *.Mask)
      (net 1 GND))
    (pad 4 thru_hole circle (at -1.8 30 180) (size 0.6 0.6) (drill 0.3) (layers *.Cu *.Mask)
      (net 13 /DEV_BATT_POS))
    (pad 4 thru_hole circle (at 2.2 30 180) (size 0.6 0.6) (drill 0.3) (layers *.Cu *.Mask)
      (net 13 /DEV_BATT_POS))
    (pad 4 thru_hole circle (at 6.2 30 180) (size 0.6 0.6) (drill 0.3) (layers *.Cu *.Mask)
      (net 13 /DEV_BATT_POS))
    (pad 4 thru_hole circle (at -1.8 28.05 180) (size 0.6 0.6) (drill 0.3) (layers *.Cu *.Mask)
      (net 13 /DEV_BATT_POS))
    (pad 4 thru_hole circle (at 0.2 28.05 180) (size 0.6 0.6) (drill 0.3) (layers *.Cu *.Mask)
      (net 13 /DEV_BATT_POS))
    (pad 4 thru_hole circle (at 2.2 28.05 180) (size 0.6 0.6) (drill 0.3) (layers *.Cu *.Mask)
      (net 13 /DEV_BATT_POS))
    (pad 4 thru_hole circle (at 4.2 28.05 180) (size 0.6 0.6) (drill 0.3) (layers *.Cu *.Mask)
      (net 13 /DEV_BATT_POS))
    (pad 4 thru_hole circle (at 6.2 28.05 180) (size 0.6 0.6) (drill 0.3) (layers *.Cu *.Mask)
      (net 13 /DEV_BATT_POS))
    (pad 4 thru_hole circle (at -1.8 31.95 180) (size 0.6 0.6) (drill 0.3) (layers *.Cu *.Mask)
      (net 13 /DEV_BATT_POS))
    (pad 4 thru_hole circle (at 0.2 31.95 180) (size 0.6 0.6) (drill 0.3) (layers *.Cu *.Mask)
      (net 13 /DEV_BATT_POS))
    (pad 4 thru_hole circle (at 2.2 31.95 180) (size 0.6 0.6) (drill 0.3) (layers *.Cu *.Mask)
      (net 13 /DEV_BATT_POS))
    (pad 4 thru_hole circle (at 4.2 31.95 180) (size 0.6 0.6) (drill 0.3) (layers *.Cu *.Mask)
      (net 13 /DEV_BATT_POS))
    (pad 4 thru_hole circle (at 6.2 31.95 180) (size 0.6 0.6) (drill 0.3) (layers *.Cu *.Mask)
      (net 13 /DEV_BATT_POS))
    (pad 5 thru_hole circle (at -1.8 40 180) (size 0.6 0.6) (drill 0.3) (layers *.Cu *.Mask)
      (net 1 GND))
    (pad 5 thru_hole circle (at 2.2 40 180) (size 0.6 0.6) (drill 0.3) (layers *.Cu *.Mask)
      (net 1 GND))
    (pad 5 thru_hole circle (at 6.2 40 180) (size 0.6 0.6) (drill 0.3) (layers *.Cu *.Mask)
      (net 1 GND))
    (pad 5 thru_hole circle (at -1.8 38.05 180) (size 0.6 0.6) (drill 0.3) (layers *.Cu *.Mask)
      (net 1 GND))
    (pad 5 thru_hole circle (at 0.2 38.05 180) (size 0.6 0.6) (drill 0.3) (layers *.Cu *.Mask)
      (net 1 GND))
    (pad 5 thru_hole circle (at 2.2 38.05 180) (size 0.6 0.6) (drill 0.3) (layers *.Cu *.Mask)
      (net 1 GND))
    (pad 5 thru_hole circle (at 4.2 38.05 180) (size 0.6 0.6) (drill 0.3) (layers *.Cu *.Mask)
      (net 1 GND))
    (pad 5 thru_hole circle (at 6.2 38.05 180) (size 0.6 0.6) (drill 0.3) (layers *.Cu *.Mask)
      (net 1 GND))
    (pad 5 thru_hole circle (at -1.8 41.95 180) (size 0.6 0.6) (drill 0.3) (layers *.Cu *.Mask)
      (net 1 GND))
    (pad 5 thru_hole circle (at 0.2 41.95 180) (size 0.6 0.6) (drill 0.3) (layers *.Cu *.Mask)
      (net 1 GND))
    (pad 5 thru_hole circle (at 2.2 41.95 180) (size 0.6 0.6) (drill 0.3) (layers *.Cu *.Mask)
      (net 1 GND))
    (pad 5 thru_hole circle (at 4.2 41.95 180) (size 0.6 0.6) (drill 0.3) (layers *.Cu *.Mask)
      (net 1 GND))
    (pad 5 thru_hole circle (at 6.2 41.95 180) (size 0.6 0.6) (drill 0.3) (layers *.Cu *.Mask)
      (net 1 GND))
    (pad 6 thru_hole circle (at -1.8 50 180) (size 0.6 0.6) (drill 0.3) (layers *.Cu *.Mask)
      (net 14 /DEV_PV_POS))
    (pad 6 thru_hole circle (at 2.2 50 180) (size 0.6 0.6) (drill 0.3) (layers *.Cu *.Mask)
      (net 14 /DEV_PV_POS))
    (pad 6 thru_hole circle (at 6.2 50 180) (size 0.6 0.6) (drill 0.3) (layers *.Cu *.Mask)
      (net 14 /DEV_PV_POS))
    (pad 6 thru_hole circle (at -1.8 48.05 180) (size 0.6 0.6) (drill 0.3) (layers *.Cu *.Mask)
      (net 14 /DEV_PV_POS))
    (pad 6 thru_hole circle (at 0.2 48.05 180) (size 0.6 0.6) (drill 0.3) (layers *.Cu *.Mask)
      (net 14 /DEV_PV_POS))
    (pad 6 thru_hole circle (at 2.2 48.05 180) (size 0.6 0.6) (drill 0.3) (layers *.Cu *.Mask)
      (net 14 /DEV_PV_POS))
    (pad 6 thru_hole circle (at 4.2 48.05 180) (size 0.6 0.6) (drill 0.3) (layers *.Cu *.Mask)
      (net 14 /DEV_PV_POS))
    (pad 6 thru_hole circle (at 6.2 48.05 180) (size 0.6 0.6) (drill 0.3) (layers *.Cu *.Mask)
      (net 14 /DEV_PV_POS))
    (pad 6 thru_hole circle (at -1.8 51.95 180) (size 0.6 0.6) (drill 0.3) (layers *.Cu *.Mask)
      (net 14 /DEV_PV_POS))
    (pad 6 thru_hole circle (at 0.2 51.95 180) (size 0.6 0.6) (drill 0.3) (layers *.Cu *.Mask)
      (net 14 /DEV_PV_POS))
    (pad 6 thru_hole circle (at 2.2 51.95 180) (size 0.6 0.6) (drill 0.3) (layers *.Cu *.Mask)
      (net 14 /DEV_PV_POS))
    (pad 6 thru_hole circle (at 4.2 51.95 180) (size 0.6 0.6) (drill 0.3) (layers *.Cu *.Mask)
      (net 14 /DEV_PV_POS))
    (pad 6 thru_hole circle (at 6.2 51.95 180) (size 0.6 0.6) (drill 0.3) (layers *.Cu *.Mask)
      (net 14 /DEV_PV_POS))
    (pad "" thru_hole circle (at 4.05 -5.73 180) (size 4 4) (drill 3) (layers *.Cu *.Mask))
    (pad "" thru_hole circle (at 4.05 55.73 180) (size 4 4) (drill 3) (layers *.Cu *.Mask))
    (model ${KISYS3DMOD}/Connector_Molex.3dshapes/Molex_Mini-Fit_Sr_42819-62XX_1x06_P10.00mm_Vertical_ThermalVias.wrl
      (at (xyz 0 0 0))
      (scale (xyz 1 1 1))
      (rotate (xyz 0 0 0))
    )
  )

  (module Capacitor_SMD:C_1206_3216Metric_Pad1.42x1.75mm_HandSolder (layer F.Cu) (tedit 5B301BBE) (tstamp 5FE93258)
    (at 148.5 65 180)
    (descr "Capacitor SMD 1206 (3216 Metric), square (rectangular) end terminal, IPC_7351 nominal with elongated pad for handsoldering. (Body size source: http://www.tortai-tech.com/upload/download/2011102023233369053.pdf), generated with kicad-footprint-generator")
    (tags "capacitor handsolder")
    (path /5FE90E33)
    (attr smd)
    (fp_text reference C1 (at 0 -1.82) (layer F.SilkS)
      (effects (font (size 1 1) (thickness 0.15)))
    )
    (fp_text value 0.33UF-1206 (at 0 1.82) (layer F.Fab)
      (effects (font (size 1 1) (thickness 0.15)))
    )
    (fp_line (start 2.45 1.12) (end -2.45 1.12) (layer F.CrtYd) (width 0.05))
    (fp_line (start 2.45 -1.12) (end 2.45 1.12) (layer F.CrtYd) (width 0.05))
    (fp_line (start -2.45 -1.12) (end 2.45 -1.12) (layer F.CrtYd) (width 0.05))
    (fp_line (start -2.45 1.12) (end -2.45 -1.12) (layer F.CrtYd) (width 0.05))
    (fp_line (start -0.602064 0.91) (end 0.602064 0.91) (layer F.SilkS) (width 0.12))
    (fp_line (start -0.602064 -0.91) (end 0.602064 -0.91) (layer F.SilkS) (width 0.12))
    (fp_line (start 1.6 0.8) (end -1.6 0.8) (layer F.Fab) (width 0.1))
    (fp_line (start 1.6 -0.8) (end 1.6 0.8) (layer F.Fab) (width 0.1))
    (fp_line (start -1.6 -0.8) (end 1.6 -0.8) (layer F.Fab) (width 0.1))
    (fp_line (start -1.6 0.8) (end -1.6 -0.8) (layer F.Fab) (width 0.1))
    (fp_text user %R (at 0 0) (layer F.Fab)
      (effects (font (size 0.8 0.8) (thickness 0.12)))
    )
    (pad 2 smd roundrect (at 1.4875 0 180) (size 1.425 1.75) (layers F.Cu F.Paste F.Mask) (roundrect_rratio 0.175439)
      (net 1 GND))
    (pad 1 smd roundrect (at -1.4875 0 180) (size 1.425 1.75) (layers F.Cu F.Paste F.Mask) (roundrect_rratio 0.175439)
      (net 15 /CHG_LOAD_POS))
    (model ${KISYS3DMOD}/Capacitor_SMD.3dshapes/C_1206_3216Metric.wrl
      (at (xyz 0 0 0))
      (scale (xyz 1 1 1))
      (rotate (xyz 0 0 0))
    )
  )

  (module Capacitor_SMD:C_1206_3216Metric_Pad1.42x1.75mm_HandSolder (layer F.Cu) (tedit 5B301BBE) (tstamp 5FE93269)
    (at 148.5 70 180)
    (descr "Capacitor SMD 1206 (3216 Metric), square (rectangular) end terminal, IPC_7351 nominal with elongated pad for handsoldering. (Body size source: http://www.tortai-tech.com/upload/download/2011102023233369053.pdf), generated with kicad-footprint-generator")
    (tags "capacitor handsolder")
    (path /5FE916E0)
    (attr smd)
    (fp_text reference C2 (at 0 -1.82) (layer F.SilkS)
      (effects (font (size 1 1) (thickness 0.15)))
    )
    (fp_text value 0.1UF-1206 (at 0 1.82) (layer F.Fab)
      (effects (font (size 1 1) (thickness 0.15)))
    )
    (fp_line (start -1.6 0.8) (end -1.6 -0.8) (layer F.Fab) (width 0.1))
    (fp_line (start -1.6 -0.8) (end 1.6 -0.8) (layer F.Fab) (width 0.1))
    (fp_line (start 1.6 -0.8) (end 1.6 0.8) (layer F.Fab) (width 0.1))
    (fp_line (start 1.6 0.8) (end -1.6 0.8) (layer F.Fab) (width 0.1))
    (fp_line (start -0.602064 -0.91) (end 0.602064 -0.91) (layer F.SilkS) (width 0.12))
    (fp_line (start -0.602064 0.91) (end 0.602064 0.91) (layer F.SilkS) (width 0.12))
    (fp_line (start -2.45 1.12) (end -2.45 -1.12) (layer F.CrtYd) (width 0.05))
    (fp_line (start -2.45 -1.12) (end 2.45 -1.12) (layer F.CrtYd) (width 0.05))
    (fp_line (start 2.45 -1.12) (end 2.45 1.12) (layer F.CrtYd) (width 0.05))
    (fp_line (start 2.45 1.12) (end -2.45 1.12) (layer F.CrtYd) (width 0.05))
    (fp_text user %R (at 0 0) (layer F.Fab)
      (effects (font (size 0.8 0.8) (thickness 0.12)))
    )
    (pad 1 smd roundrect (at -1.4875 0 180) (size 1.425 1.75) (layers F.Cu F.Paste F.Mask) (roundrect_rratio 0.175439)
      (net 2 /5V))
    (pad 2 smd roundrect (at 1.4875 0 180) (size 1.425 1.75) (layers F.Cu F.Paste F.Mask) (roundrect_rratio 0.175439)
      (net 1 GND))
    (model ${KISYS3DMOD}/Capacitor_SMD.3dshapes/C_1206_3216Metric.wrl
      (at (xyz 0 0 0))
      (scale (xyz 1 1 1))
      (rotate (xyz 0 0 0))
    )
  )

  (module Capacitor_SMD:C_1206_3216Metric (layer F.Cu) (tedit 5B301BBE) (tstamp 5FE9327A)
    (at 110.9 92)
    (descr "Capacitor SMD 1206 (3216 Metric), square (rectangular) end terminal, IPC_7351 nominal, (Body size source: http://www.tortai-tech.com/upload/download/2011102023233369053.pdf), generated with kicad-footprint-generator")
    (tags capacitor)
    (path /5FEC240F)
    (attr smd)
    (fp_text reference C3 (at 0 -1.82) (layer F.SilkS)
      (effects (font (size 1 1) (thickness 0.15)))
    )
    (fp_text value 10n (at 0 1.82) (layer F.Fab)
      (effects (font (size 1 1) (thickness 0.15)))
    )
    (fp_line (start -1.6 0.8) (end -1.6 -0.8) (layer F.Fab) (width 0.1))
    (fp_line (start -1.6 -0.8) (end 1.6 -0.8) (layer F.Fab) (width 0.1))
    (fp_line (start 1.6 -0.8) (end 1.6 0.8) (layer F.Fab) (width 0.1))
    (fp_line (start 1.6 0.8) (end -1.6 0.8) (layer F.Fab) (width 0.1))
    (fp_line (start -0.602064 -0.91) (end 0.602064 -0.91) (layer F.SilkS) (width 0.12))
    (fp_line (start -0.602064 0.91) (end 0.602064 0.91) (layer F.SilkS) (width 0.12))
    (fp_line (start -2.28 1.12) (end -2.28 -1.12) (layer F.CrtYd) (width 0.05))
    (fp_line (start -2.28 -1.12) (end 2.28 -1.12) (layer F.CrtYd) (width 0.05))
    (fp_line (start 2.28 -1.12) (end 2.28 1.12) (layer F.CrtYd) (width 0.05))
    (fp_line (start 2.28 1.12) (end -2.28 1.12) (layer F.CrtYd) (width 0.05))
    (fp_text user %R (at 0 0) (layer F.Fab)
      (effects (font (size 0.8 0.8) (thickness 0.12)))
    )
    (pad 1 smd roundrect (at -1.4 0) (size 1.25 1.75) (layers F.Cu F.Paste F.Mask) (roundrect_rratio 0.2)
      (net 3 /V_SENSE_PV))
    (pad 2 smd roundrect (at 1.4 0) (size 1.25 1.75) (layers F.Cu F.Paste F.Mask) (roundrect_rratio 0.2)
      (net 1 GND))
    (model ${KISYS3DMOD}/Capacitor_SMD.3dshapes/C_1206_3216Metric.wrl
      (at (xyz 0 0 0))
      (scale (xyz 1 1 1))
      (rotate (xyz 0 0 0))
    )
  )

  (module Capacitor_SMD:C_1206_3216Metric (layer F.Cu) (tedit 5B301BBE) (tstamp 5FE9328B)
    (at 137.5 92)
    (descr "Capacitor SMD 1206 (3216 Metric), square (rectangular) end terminal, IPC_7351 nominal, (Body size source: http://www.tortai-tech.com/upload/download/2011102023233369053.pdf), generated with kicad-footprint-generator")
    (tags capacitor)
    (path /5FEBFDF0)
    (attr smd)
    (fp_text reference C4 (at 0 -1.82) (layer F.SilkS)
      (effects (font (size 1 1) (thickness 0.15)))
    )
    (fp_text value 10n (at 0 1.82) (layer F.Fab)
      (effects (font (size 1 1) (thickness 0.15)))
    )
    (fp_line (start 2.28 1.12) (end -2.28 1.12) (layer F.CrtYd) (width 0.05))
    (fp_line (start 2.28 -1.12) (end 2.28 1.12) (layer F.CrtYd) (width 0.05))
    (fp_line (start -2.28 -1.12) (end 2.28 -1.12) (layer F.CrtYd) (width 0.05))
    (fp_line (start -2.28 1.12) (end -2.28 -1.12) (layer F.CrtYd) (width 0.05))
    (fp_line (start -0.602064 0.91) (end 0.602064 0.91) (layer F.SilkS) (width 0.12))
    (fp_line (start -0.602064 -0.91) (end 0.602064 -0.91) (layer F.SilkS) (width 0.12))
    (fp_line (start 1.6 0.8) (end -1.6 0.8) (layer F.Fab) (width 0.1))
    (fp_line (start 1.6 -0.8) (end 1.6 0.8) (layer F.Fab) (width 0.1))
    (fp_line (start -1.6 -0.8) (end 1.6 -0.8) (layer F.Fab) (width 0.1))
    (fp_line (start -1.6 0.8) (end -1.6 -0.8) (layer F.Fab) (width 0.1))
    (fp_text user %R (at 0 0) (layer F.Fab)
      (effects (font (size 0.8 0.8) (thickness 0.12)))
    )
    (pad 2 smd roundrect (at 1.4 0) (size 1.25 1.75) (layers F.Cu F.Paste F.Mask) (roundrect_rratio 0.2)
      (net 1 GND))
    (pad 1 smd roundrect (at -1.4 0) (size 1.25 1.75) (layers F.Cu F.Paste F.Mask) (roundrect_rratio 0.2)
      (net 4 /V_SENSE_BATT))
    (model ${KISYS3DMOD}/Capacitor_SMD.3dshapes/C_1206_3216Metric.wrl
      (at (xyz 0 0 0))
      (scale (xyz 1 1 1))
      (rotate (xyz 0 0 0))
    )
  )

  (module Capacitor_SMD:C_1206_3216Metric (layer F.Cu) (tedit 5B301BBE) (tstamp 5FE9329C)
    (at 165 92)
    (descr "Capacitor SMD 1206 (3216 Metric), square (rectangular) end terminal, IPC_7351 nominal, (Body size source: http://www.tortai-tech.com/upload/download/2011102023233369053.pdf), generated with kicad-footprint-generator")
    (tags capacitor)
    (path /5FEB236A)
    (attr smd)
    (fp_text reference C5 (at 0 -1.82) (layer F.SilkS)
      (effects (font (size 1 1) (thickness 0.15)))
    )
    (fp_text value 10n (at 0 1.82) (layer F.Fab)
      (effects (font (size 1 1) (thickness 0.15)))
    )
    (fp_line (start -1.6 0.8) (end -1.6 -0.8) (layer F.Fab) (width 0.1))
    (fp_line (start -1.6 -0.8) (end 1.6 -0.8) (layer F.Fab) (width 0.1))
    (fp_line (start 1.6 -0.8) (end 1.6 0.8) (layer F.Fab) (width 0.1))
    (fp_line (start 1.6 0.8) (end -1.6 0.8) (layer F.Fab) (width 0.1))
    (fp_line (start -0.602064 -0.91) (end 0.602064 -0.91) (layer F.SilkS) (width 0.12))
    (fp_line (start -0.602064 0.91) (end 0.602064 0.91) (layer F.SilkS) (width 0.12))
    (fp_line (start -2.28 1.12) (end -2.28 -1.12) (layer F.CrtYd) (width 0.05))
    (fp_line (start -2.28 -1.12) (end 2.28 -1.12) (layer F.CrtYd) (width 0.05))
    (fp_line (start 2.28 -1.12) (end 2.28 1.12) (layer F.CrtYd) (width 0.05))
    (fp_line (start 2.28 1.12) (end -2.28 1.12) (layer F.CrtYd) (width 0.05))
    (fp_text user %R (at 0 0) (layer F.Fab)
      (effects (font (size 0.8 0.8) (thickness 0.12)))
    )
    (pad 1 smd roundrect (at -1.4 0) (size 1.25 1.75) (layers F.Cu F.Paste F.Mask) (roundrect_rratio 0.2)
      (net 5 /V_SENSE_LOAD))
    (pad 2 smd roundrect (at 1.4 0) (size 1.25 1.75) (layers F.Cu F.Paste F.Mask) (roundrect_rratio 0.2)
      (net 1 GND))
    (model ${KISYS3DMOD}/Capacitor_SMD.3dshapes/C_1206_3216Metric.wrl
      (at (xyz 0 0 0))
      (scale (xyz 1 1 1))
      (rotate (xyz 0 0 0))
    )
  )

  (module Capacitor_SMD:C_1206_3216Metric (layer F.Cu) (tedit 5B301BBE) (tstamp 5FE932AD)
    (at 180 86 90)
    (descr "Capacitor SMD 1206 (3216 Metric), square (rectangular) end terminal, IPC_7351 nominal, (Body size source: http://www.tortai-tech.com/upload/download/2011102023233369053.pdf), generated with kicad-footprint-generator")
    (tags capacitor)
    (path /5FF12431)
    (attr smd)
    (fp_text reference C6 (at 0 -1.82 90) (layer F.SilkS)
      (effects (font (size 1 1) (thickness 0.15)))
    )
    (fp_text value 10n (at 0 1.82 90) (layer F.Fab)
      (effects (font (size 1 1) (thickness 0.15)))
    )
    (fp_line (start -1.6 0.8) (end -1.6 -0.8) (layer F.Fab) (width 0.1))
    (fp_line (start -1.6 -0.8) (end 1.6 -0.8) (layer F.Fab) (width 0.1))
    (fp_line (start 1.6 -0.8) (end 1.6 0.8) (layer F.Fab) (width 0.1))
    (fp_line (start 1.6 0.8) (end -1.6 0.8) (layer F.Fab) (width 0.1))
    (fp_line (start -0.602064 -0.91) (end 0.602064 -0.91) (layer F.SilkS) (width 0.12))
    (fp_line (start -0.602064 0.91) (end 0.602064 0.91) (layer F.SilkS) (width 0.12))
    (fp_line (start -2.28 1.12) (end -2.28 -1.12) (layer F.CrtYd) (width 0.05))
    (fp_line (start -2.28 -1.12) (end 2.28 -1.12) (layer F.CrtYd) (width 0.05))
    (fp_line (start 2.28 -1.12) (end 2.28 1.12) (layer F.CrtYd) (width 0.05))
    (fp_line (start 2.28 1.12) (end -2.28 1.12) (layer F.CrtYd) (width 0.05))
    (fp_text user %R (at 0 0 90) (layer F.Fab)
      (effects (font (size 0.8 0.8) (thickness 0.12)))
    )
    (pad 1 smd roundrect (at -1.4 0 90) (size 1.25 1.75) (layers F.Cu F.Paste F.Mask) (roundrect_rratio 0.2)
      (net 2 /5V))
    (pad 2 smd roundrect (at 1.4 0 90) (size 1.25 1.75) (layers F.Cu F.Paste F.Mask) (roundrect_rratio 0.2)
      (net 1 GND))
    (model ${KISYS3DMOD}/Capacitor_SMD.3dshapes/C_1206_3216Metric.wrl
      (at (xyz 0 0 0))
      (scale (xyz 1 1 1))
      (rotate (xyz 0 0 0))
    )
  )

  (module Capacitor_SMD:C_1206_3216Metric (layer F.Cu) (tedit 5B301BBE) (tstamp 5FE932BE)
    (at 153 86 90)
    (descr "Capacitor SMD 1206 (3216 Metric), square (rectangular) end terminal, IPC_7351 nominal, (Body size source: http://www.tortai-tech.com/upload/download/2011102023233369053.pdf), generated with kicad-footprint-generator")
    (tags capacitor)
    (path /5FF0AA24)
    (attr smd)
    (fp_text reference C7 (at 0 -1.82 90) (layer F.SilkS)
      (effects (font (size 1 1) (thickness 0.15)))
    )
    (fp_text value 10n (at 0 1.82 90) (layer F.Fab)
      (effects (font (size 1 1) (thickness 0.15)))
    )
    (fp_line (start 2.28 1.12) (end -2.28 1.12) (layer F.CrtYd) (width 0.05))
    (fp_line (start 2.28 -1.12) (end 2.28 1.12) (layer F.CrtYd) (width 0.05))
    (fp_line (start -2.28 -1.12) (end 2.28 -1.12) (layer F.CrtYd) (width 0.05))
    (fp_line (start -2.28 1.12) (end -2.28 -1.12) (layer F.CrtYd) (width 0.05))
    (fp_line (start -0.602064 0.91) (end 0.602064 0.91) (layer F.SilkS) (width 0.12))
    (fp_line (start -0.602064 -0.91) (end 0.602064 -0.91) (layer F.SilkS) (width 0.12))
    (fp_line (start 1.6 0.8) (end -1.6 0.8) (layer F.Fab) (width 0.1))
    (fp_line (start 1.6 -0.8) (end 1.6 0.8) (layer F.Fab) (width 0.1))
    (fp_line (start -1.6 -0.8) (end 1.6 -0.8) (layer F.Fab) (width 0.1))
    (fp_line (start -1.6 0.8) (end -1.6 -0.8) (layer F.Fab) (width 0.1))
    (fp_text user %R (at 0 0 90) (layer F.Fab)
      (effects (font (size 0.8 0.8) (thickness 0.12)))
    )
    (pad 2 smd roundrect (at 1.4 0 90) (size 1.25 1.75) (layers F.Cu F.Paste F.Mask) (roundrect_rratio 0.2)
      (net 1 GND))
    (pad 1 smd roundrect (at -1.4 0 90) (size 1.25 1.75) (layers F.Cu F.Paste F.Mask) (roundrect_rratio 0.2)
      (net 2 /5V))
    (model ${KISYS3DMOD}/Capacitor_SMD.3dshapes/C_1206_3216Metric.wrl
      (at (xyz 0 0 0))
      (scale (xyz 1 1 1))
      (rotate (xyz 0 0 0))
    )
  )

  (module Capacitor_SMD:C_1206_3216Metric (layer F.Cu) (tedit 5B301BBE) (tstamp 5FE932CF)
    (at 126 86 90)
    (descr "Capacitor SMD 1206 (3216 Metric), square (rectangular) end terminal, IPC_7351 nominal, (Body size source: http://www.tortai-tech.com/upload/download/2011102023233369053.pdf), generated with kicad-footprint-generator")
    (tags capacitor)
    (path /5FF05815)
    (attr smd)
    (fp_text reference C8 (at 0 -1.82 90) (layer F.SilkS)
      (effects (font (size 1 1) (thickness 0.15)))
    )
    (fp_text value 10n (at 0 1.82 90) (layer F.Fab)
      (effects (font (size 1 1) (thickness 0.15)))
    )
    (fp_line (start 2.28 1.12) (end -2.28 1.12) (layer F.CrtYd) (width 0.05))
    (fp_line (start 2.28 -1.12) (end 2.28 1.12) (layer F.CrtYd) (width 0.05))
    (fp_line (start -2.28 -1.12) (end 2.28 -1.12) (layer F.CrtYd) (width 0.05))
    (fp_line (start -2.28 1.12) (end -2.28 -1.12) (layer F.CrtYd) (width 0.05))
    (fp_line (start -0.602064 0.91) (end 0.602064 0.91) (layer F.SilkS) (width 0.12))
    (fp_line (start -0.602064 -0.91) (end 0.602064 -0.91) (layer F.SilkS) (width 0.12))
    (fp_line (start 1.6 0.8) (end -1.6 0.8) (layer F.Fab) (width 0.1))
    (fp_line (start 1.6 -0.8) (end 1.6 0.8) (layer F.Fab) (width 0.1))
    (fp_line (start -1.6 -0.8) (end 1.6 -0.8) (layer F.Fab) (width 0.1))
    (fp_line (start -1.6 0.8) (end -1.6 -0.8) (layer F.Fab) (width 0.1))
    (fp_text user %R (at 0 0 90) (layer F.Fab)
      (effects (font (size 0.8 0.8) (thickness 0.12)))
    )
    (pad 2 smd roundrect (at 1.4 0 90) (size 1.25 1.75) (layers F.Cu F.Paste F.Mask) (roundrect_rratio 0.2)
      (net 1 GND))
    (pad 1 smd roundrect (at -1.4 0 90) (size 1.25 1.75) (layers F.Cu F.Paste F.Mask) (roundrect_rratio 0.2)
      (net 2 /5V))
    (model ${KISYS3DMOD}/Capacitor_SMD.3dshapes/C_1206_3216Metric.wrl
      (at (xyz 0 0 0))
      (scale (xyz 1 1 1))
      (rotate (xyz 0 0 0))
    )
  )

  (module Capacitor_SMD:C_1206_3216Metric (layer F.Cu) (tedit 5B301BBE) (tstamp 5FE932E0)
    (at 166.5 86 270)
    (descr "Capacitor SMD 1206 (3216 Metric), square (rectangular) end terminal, IPC_7351 nominal, (Body size source: http://www.tortai-tech.com/upload/download/2011102023233369053.pdf), generated with kicad-footprint-generator")
    (tags capacitor)
    (path /5FF0FCE0)
    (attr smd)
    (fp_text reference C9 (at 0 -1.82 90) (layer F.SilkS)
      (effects (font (size 1 1) (thickness 0.15)))
    )
    (fp_text value 10n (at 0 1.82 90) (layer F.Fab)
      (effects (font (size 1 1) (thickness 0.15)))
    )
    (fp_line (start 2.28 1.12) (end -2.28 1.12) (layer F.CrtYd) (width 0.05))
    (fp_line (start 2.28 -1.12) (end 2.28 1.12) (layer F.CrtYd) (width 0.05))
    (fp_line (start -2.28 -1.12) (end 2.28 -1.12) (layer F.CrtYd) (width 0.05))
    (fp_line (start -2.28 1.12) (end -2.28 -1.12) (layer F.CrtYd) (width 0.05))
